
Elemental stiffness matrix
**************************
The Element 1 stiffness matrix is
  3.2400e+08	  5.4000e+06	 -3.2400e+08	  5.4000e+06	
  5.4000e+06	  1.2000e+05	 -5.4000e+06	  6.0000e+04	
 -3.2400e+08	 -5.4000e+06	  3.2400e+08	 -5.4000e+06	
  5.4000e+06	  6.0000e+04	 -5.4000e+06	  1.2000e+05	

The Element 2 stiffness matrix is
  3.2400e+08	  5.4000e+06	 -3.2400e+08	  5.4000e+06	
  5.4000e+06	  1.2000e+05	 -5.4000e+06	  6.0000e+04	
 -3.2400e+08	 -5.4000e+06	  3.2400e+08	 -5.4000e+06	
  5.4000e+06	  6.0000e+04	 -5.4000e+06	  1.2000e+05	

The Element 3 stiffness matrix is
  3.2400e+08	  5.4000e+06	 -3.2400e+08	  5.4000e+06	
  5.4000e+06	  1.2000e+05	 -5.4000e+06	  6.0000e+04	
 -3.2400e+08	 -5.4000e+06	  3.2400e+08	 -5.4000e+06	
  5.4000e+06	  6.0000e+04	 -5.4000e+06	  1.2000e+05	

The Element 4 stiffness matrix is
  1.6200e+08	  5.4000e+06	 -1.6200e+08	  5.4000e+06	
  5.4000e+06	  2.4000e+05	 -5.4000e+06	  1.2000e+05	
 -1.6200e+08	 -5.4000e+06	  1.6200e+08	 -5.4000e+06	
  5.4000e+06	  1.2000e+05	 -5.4000e+06	  2.4000e+05	

The Element 5 stiffness matrix is
  1.6200e+08	  5.4000e+06	 -1.6200e+08	  5.4000e+06	
  5.4000e+06	  2.4000e+05	 -5.4000e+06	  1.2000e+05	
 -1.6200e+08	 -5.4000e+06	  1.6200e+08	 -5.4000e+06	
  5.4000e+06	  1.2000e+05	 -5.4000e+06	  2.4000e+05	

The Element 6 stiffness matrix is
  1.6200e+08	  5.4000e+06	 -1.6200e+08	  5.4000e+06	
  5.4000e+06	  2.4000e+05	 -5.4000e+06	  1.2000e+05	
 -1.6200e+08	 -5.4000e+06	  1.6200e+08	 -5.4000e+06	
  5.4000e+06	  1.2000e+05	 -5.4000e+06	  2.4000e+05	

Global stiffness matrix
****************************
  3.2400e+08	  5.4000e+06	 -3.2400e+08	  5.4000e+06	  0.0000e+00	  0.0000e+00	  0.0000e+00	  0.0000e+00	  0.0000e+00	  0.0000e+00	  0.0000e+00	  0.0000e+00	  0.0000e+00	  0.0000e+00	
  5.4000e+06	  1.2000e+05	 -5.4000e+06	  6.0000e+04	  0.0000e+00	  0.0000e+00	  0.0000e+00	  0.0000e+00	  0.0000e+00	  0.0000e+00	  0.0000e+00	  0.0000e+00	  0.0000e+00	  0.0000e+00	
 -3.2400e+08	 -5.4000e+06	  6.4800e+08	  0.0000e+00	 -3.2400e+08	  5.4000e+06	  0.0000e+00	  0.0000e+00	  0.0000e+00	  0.0000e+00	  0.0000e+00	  0.0000e+00	  0.0000e+00	  0.0000e+00	
  5.4000e+06	  6.0000e+04	  0.0000e+00	  2.4000e+05	 -5.4000e+06	  6.0000e+04	  0.0000e+00	  0.0000e+00	  0.0000e+00	  0.0000e+00	  0.0000e+00	  0.0000e+00	  0.0000e+00	  0.0000e+00	
  0.0000e+00	  0.0000e+00	 -3.2400e+08	 -5.4000e+06	  6.4800e+08	 -1.8626e-09	 -3.2400e+08	  5.4000e+06	  0.0000e+00	  0.0000e+00	  0.0000e+00	  0.0000e+00	  0.0000e+00	  0.0000e+00	
  0.0000e+00	  0.0000e+00	  5.4000e+06	  6.0000e+04	 -1.8626e-09	  2.4000e+05	 -5.4000e+06	  6.0000e+04	  0.0000e+00	  0.0000e+00	  0.0000e+00	  0.0000e+00	  0.0000e+00	  0.0000e+00	
  0.0000e+00	  0.0000e+00	  0.0000e+00	  0.0000e+00	 -3.2400e+08	 -5.4000e+06	  4.8600e+08	  0.0000e+00	 -1.6200e+08	  5.4000e+06	  0.0000e+00	  0.0000e+00	  0.0000e+00	  0.0000e+00	
  0.0000e+00	  0.0000e+00	  0.0000e+00	  0.0000e+00	  5.4000e+06	  6.0000e+04	  0.0000e+00	  3.6000e+05	 -5.4000e+06	  1.2000e+05	  0.0000e+00	  0.0000e+00	  0.0000e+00	  0.0000e+00	
  0.0000e+00	  0.0000e+00	  0.0000e+00	  0.0000e+00	  0.0000e+00	  0.0000e+00	 -1.6200e+08	 -5.4000e+06	  3.2400e+08	  3.7253e-09	 -1.6200e+08	  5.4000e+06	  0.0000e+00	  0.0000e+00	
  0.0000e+00	  0.0000e+00	  0.0000e+00	  0.0000e+00	  0.0000e+00	  0.0000e+00	  5.4000e+06	  1.2000e+05	  3.7253e-09	  4.8000e+05	 -5.4000e+06	  1.2000e+05	  0.0000e+00	  0.0000e+00	
  0.0000e+00	  0.0000e+00	  0.0000e+00	  0.0000e+00	  0.0000e+00	  0.0000e+00	  0.0000e+00	  0.0000e+00	 -1.6200e+08	 -5.4000e+06	  3.2400e+08	  0.0000e+00	 -1.6200e+08	  5.4000e+06	
  0.0000e+00	  0.0000e+00	  0.0000e+00	  0.0000e+00	  0.0000e+00	  0.0000e+00	  0.0000e+00	  0.0000e+00	  5.4000e+06	  1.2000e+05	  0.0000e+00	  4.8000e+05	 -5.4000e+06	  1.2000e+05	
  0.0000e+00	  0.0000e+00	  0.0000e+00	  0.0000e+00	  0.0000e+00	  0.0000e+00	  0.0000e+00	  0.0000e+00	  0.0000e+00	  0.0000e+00	 -1.6200e+08	 -5.4000e+06	  1.6200e+08	 -5.4000e+06	
  0.0000e+00	  0.0000e+00	  0.0000e+00	  0.0000e+00	  0.0000e+00	  0.0000e+00	  0.0000e+00	  0.0000e+00	  0.0000e+00	  0.0000e+00	  5.4000e+06	  1.2000e+05	 -5.4000e+06	  2.4000e+05	

Global load vector
**************************
  8.3333e+00
  4.6296e-02
  1.6667e+01
  0.0000e+00
  8.3333e+00
 -4.6296e-02
  1.0000e+03
  0.0000e+00
  0.0000e+00
  0.0000e+00
  0.0000e+00
  0.0000e+00
  0.0000e+00
  5.0000e+03

Global stiffness matrix after imposing boundary conditions
***********************************************************
  6.4800e+08	  0.0000e+00	 -3.2400e+08	  5.4000e+06	  0.0000e+00	  0.0000e+00	  0.0000e+00	  0.0000e+00	  0.0000e+00	  0.0000e+00	  0.0000e+00	
  0.0000e+00	  2.4000e+05	 -5.4000e+06	  6.0000e+04	  0.0000e+00	  0.0000e+00	  0.0000e+00	  0.0000e+00	  0.0000e+00	  0.0000e+00	  0.0000e+00	
 -3.2400e+08	 -5.4000e+06	  6.4800e+08	 -1.8626e-09	 -3.2400e+08	  5.4000e+06	  0.0000e+00	  0.0000e+00	  0.0000e+00	  0.0000e+00	  0.0000e+00	
  5.4000e+06	  6.0000e+04	 -1.8626e-09	  2.4000e+05	 -5.4000e+06	  6.0000e+04	  0.0000e+00	  0.0000e+00	  0.0000e+00	  0.0000e+00	  0.0000e+00	
  0.0000e+00	  0.0000e+00	 -3.2400e+08	 -5.4000e+06	  4.8600e+08	  0.0000e+00	 -1.6200e+08	  5.4000e+06	  0.0000e+00	  0.0000e+00	  0.0000e+00	
  0.0000e+00	  0.0000e+00	  5.4000e+06	  6.0000e+04	  0.0000e+00	  3.6000e+05	 -5.4000e+06	  1.2000e+05	  0.0000e+00	  0.0000e+00	  0.0000e+00	
  0.0000e+00	  0.0000e+00	  0.0000e+00	  0.0000e+00	 -1.6200e+08	 -5.4000e+06	  3.2400e+08	  3.7253e-09	 -1.6200e+08	  5.4000e+06	  0.0000e+00	
  0.0000e+00	  0.0000e+00	  0.0000e+00	  0.0000e+00	  5.4000e+06	  1.2000e+05	  3.7253e-09	  4.8000e+05	 -5.4000e+06	  1.2000e+05	  0.0000e+00	
  0.0000e+00	  0.0000e+00	  0.0000e+00	  0.0000e+00	  0.0000e+00	  0.0000e+00	 -1.6200e+08	 -5.4000e+06	  3.2400e+08	  0.0000e+00	  5.4000e+06	
  0.0000e+00	  0.0000e+00	  0.0000e+00	  0.0000e+00	  0.0000e+00	  0.0000e+00	  5.4000e+06	  1.2000e+05	  0.0000e+00	  4.8000e+05	  1.2000e+05	
  0.0000e+00	  0.0000e+00	  0.0000e+00	  0.0000e+00	  0.0000e+00	  0.0000e+00	  0.0000e+00	  0.0000e+00	  5.4000e+06	  1.2000e+05	  2.4000e+05	

Global load matrix after imposing boundary conditions
***********************************************************
  1.6667e+01
  0.0000e+00
  8.3333e+00
 -4.6296e-02
  1.0000e+03
  0.0000e+00
  0.0000e+00
  0.0000e+00
  0.0000e+00
  0.0000e+00
  5.0000e+03

u_reduce matrix is
********************** -6.4229e-04
 -3.4723e-02
 -2.0605e-03
 -4.6554e-02
 -3.4913e-03
 -3.5476e-02
 -5.2140e-03
 -1.2199e-02
 -4.5840e-03
  3.5101e-02
  1.0642e-01

 un
**********************  0.0000e+00
  0.0000e+00
 -6.4229e-04
 -3.4723e-02
 -2.0605e-03
 -4.6554e-02
 -3.4913e-03
 -3.5476e-02
 -5.2140e-03
 -1.2199e-02
 -4.5840e-03
  3.5101e-02
  0.0000e+00
  1.0642e-01

 Reaction Force
**********************  2.0595e+04
  1.3849e+03
  1.6667e+01
 -9.1327e-13
  8.3333e+00
 -4.6296e-02
  1.0000e+03
  4.8403e-12
 -1.5005e-11
  6.0610e-12
  2.2017e-11
  2.4431e-12
 -2.1620e+04
  5.0000e+03

